16,19
16,18
16,17
16,16
16,15
16,14
16,13
16,12
35,8
35,7
35,6
35,5
36,6
36,5
12,11
12,10
12,9
12,8
12,7
12,6
12,5
16,11
16,10
16,9
16,8
16,7
16,6
16,5
16,4
12,4
14,11
14,10
14,9
14,8
14,7
14,6
14,5
14,4
6,4
7,7
7,6
7,5
7,4
55,5
55,4
55,3
55,2
55,1
55,0
54,4
54,3
54,2
54,1
54,0
53,5
53,4
53,3
53,2
53,1
53,0
52,4
52,3
52,2
52,1
52,0
51,6
51,5
51,4
51,3
51,2
51,1
51,0
50,5
50,4
50,3
50,2
50,1
50,0
49,4
49,3
49,2
49,1
49,0
48,5
48,4
48,3
48,2
48,1
48,0
47,4
47,3
47,2
47,1
47,0
46,4
46,3
46,2
46,1
46,0
45,5
45,4
45,3
45,2
45,1
45,0
44,4
44,3
44,2
44,1
44,0
43,4
43,3
43,2
43,1
43,0
0,437
42,5
42,4
42,3
42,2
42,1
42,0
41,4
41,3
41,2
41,1
41,0
0,436
0,435
40,4
40,3
40,2
40,1
40,0
2,5
2,4
0,434
0,433
39,5
39,4
39,3
39,2
39,1
39,0
0,432
0,431
38,4
38,3
38,2
38,1
38,0
37,4
37,3
37,2
37,1
37,0
36,4
36,3
36,2
36,1
36,0
35,4
35,3
35,2
35,1
35,0
34,4
34,3
34,2
34,1
34,0
33,5
33,4
33,3
33,2
33,1
33,0
32,4
32,3
32,2
32,1
32,0
0,430
0,429
0,428
0,427
0,426
0,425
0,424
31,4
31,3
31,2
0,423
31,1
31,0
0,422
0,421
0,420
0,419
0,418
0,417
0,416
0,415
0,414
0,413
0,412
30,5
30,4
30,3
30,2
0,411
30,1
30,0
0,410
0,409
0,408
0,407
0,406
0,405
0,404
0,403
0,402
0,401
0,400
0,399
29,4
29,3
29,2
0,398
29,1
29,0
0,397
0,396
28,3
28,2
0,395
28,1
28,0
0,394
0,393
27,3
27,2
0,392
27,1
27,0
0,391
0,390
26,3
26,2
0,389
26,1
26,0
0,388
0,387
25,3
25,2
0,386
25,1
25,0
0,385
0,384
24,3
24,2
0,383
24,1
24,0
0,382
0,381
23,3
23,2
0,380
23,1
23,0
0,379
0,378
22,3
22,2
0,377
22,1
22,0
0,376
0,375
21,3
21,2
0,374
21,1
21,0
0,373
0,372
20,3
20,2
0,371
20,1
20,0
0,370
0,369
19,3
19,2
0,368
19,1
19,0
0,367
0,366
18,3
18,2
0,365
18,1
18,0
0,364
0,363
17,3
17,2
0,362
17,1
17,0
0,361
0,360
16,3
16,2
0,359
16,1
16,0
0,358
0,357
15,3
15,2
0,356
15,1
15,0
0,355
0,354
14,3
14,2
0,353
14,1
14,0
0,352
0,351
13,3
13,2
0,350
13,1
13,0
0,349
0,348
12,3
12,2
0,347
12,1
12,0
0,346
0,345
11,3
11,2
0,344
11,1
11,0
0,343
0,342
10,3
10,2
0,341
10,1
10,0
0,340
0,339
0,338
0,337
0,336
0,335
0,334
0,333
0,332
0,331
0,330
0,329
0,328
0,327
0,326
0,325
9,3
9,2
0,324
9,1
9,0
0,323
0,322
0,321
8,3
8,2
0,320
8,1
8,0
0,319
0,318
7,3
7,2
0,317
7,1
7,0
6,3
6,2
6,1
6,0
5,3
5,2
5,1
5,0
4,3
4,2
4,1
4,0
3,6
3,5
3,4
3,3
3,2
3,1
3,0
2,2
1,2
0,243
1,1
1,3
1,0
2,1
2,3
2,0
0,9
0,310
0,305
0,308
0,304
0,303
0,302
0,307
0,12
0,10
0,8
0,0
0,300
0,299
0,298
0,297
0,296
0,295
0,294
0,293
0,292
0,291
0,290
0,289
0,288
0,287
0,286
0,285
0,284
0,283
0,282
0,281
0,280
0,279
0,278
0,277
0,276
0,275
0,274
0,273
0,272
0,271
0,270
0,269
0,268
0,267
0,266
0,265
0,264
0,263
0,262
0,261
0,260
0,259
0,258
0,257
0,256
0,255
0,254
0,253
0,252
0,251
0,250
0,249
0,248
0,247
0,246
0,245
0,244
0,242
0,241
0,240
0,239
0,238
0,237
0,236
0,235
0,234
0,233
0,232
0,231
0,230
0,229
0,228
0,227
0,226
0,225
0,224
0,223
0,222
0,221
0,220
0,219
0,218
0,217
0,216
0,215
0,214
0,213
0,212
0,211
0,210
0,209
0,208
0,207
0,206
0,205
0,204
0,203
0,202
0,201
0,200
0,199
0,198
0,197
0,196
0,195
0,194
0,193
0,192
0,63
0,62
0,61
0,60
0,59
0,58
0,57
0,56
0,55
0,54
0,53
0,316
0,52
0,315
0,51
0,314
0,50
0,313
0,49
0,312
0,48
0,311
0,47
0,309
0,46
0,306
0,45
0,301
0,6
0,5
0,1
0,11
0,4
0,2
0,3
0,7
